10000   2656   2753   3530
0   1038   1000   1068
21000   960   920   982
1000   59108   59462   80812
11100   0   0   0
11700   4207   4982   4175
21700   2998   2949   4521
20700   1526   1370   1333
10700   2393   2857   2660
10100   2   3   2
20000   518   644   544
20300   68   62   46
20400   58   36   50
700   1052   900   840
1700   1008   601   643
2000   10   16   12
11000   266   251   250
12000   259   201   242
12100   76   58   68
2200   2   4   2
2300   4   6   2
12700   172   120   188
31700   6416   3002   2939
31000   766   2484   772
21300   0   0   0
22700   72   196   86
22000   54   60   59
31100   54   38   48
31200   54   100   64
30000   30   20   34
21100   41   46   42
21200   39   32   45
30700   50   54   68
21600   44   48   60
31500   88   60   56
31600   142   102   102
32000   2   4   12
41700   0   0   874
41000   0   864   0
31300   12   20   832
10200   0   2   4
21400   40   16   24
20600   52   46   50
2700   410   495   441
20100   0   2   0
10600   159   108   161
11600   44   44   32
32700   8   16   14
20500   20   10   18
21500   14   32   24
32600   0   0   0
10300   62   84   68
10400   72   60   64
10500   63   74   54
7700   178   242   232
7000   1180   1174   1016
6000   1268   1293   1321
16000   285   298   317
17000   504   490   600
3000   0   0   5
5000   0   0   0
6200   0   0   0
6300   0   0   0
5700   1504   1708   1508
15700   1012   1237   1064
13700   678   694   828
12300   10   0   6
3700   1787   1822   1993
23700   0   0   0
25700   86   82   90
6700   587   575   635
16700   1858   1898   3417
26700   98   70   68
26000   32   256   30
26500   52   0   0
26600   0   0   0
17700   1112   568   604
17200   0   0   0
17300   0   0   0
13000   0   0   0
13300   0   0   0
25000   90   94   112
23000   248   190   228
23500   22   14   24
23600   10   26   18
26100   0   0   0
26200   0   0   0
17400   82   72   86
13400   210   228   242
23400   12   2   10
17500   72   64   74
13100   0   0   0
23200   38   40   38
17100   0   0   6
13500   106   94   134
13600   0   0   0
3500   0   1   0
3200   0   0   0
15100   0   0   0
15000   0   0   0
25600   0   0   0
